-6.3670924e+00 -3.5240556e-01
-8.9791188e-02 1.5166165e+00
2.2860334e-01 -3.4007959e+00
-5.3737539e+00 -3.4605994e-01
-2.5246593e-01 2.2646524e+00
-2.1918228e+00 -2.1551401e+00
1.4018085e+00 3.5059046e+00
1.9493794e-01 -9.4151706e-01
-3.9663588e+00 1.7959169e-02
-8.2971270e-01 9.8104838e-01
1.5805263e+00 -5.4341436e+00
-3.8116271e+00 -4.7874021e-01
3.8592955e-01 2.3019649e+00
-1.0662060e+00 -3.2638962e+00
2.0210334e+00 4.4352959e+00
2.7082966e+00 -4.8645622e+00
-2.3789351e-02 3.6881264e+00
-1.4242085e+00 -1.7369352e+00
-4.7877780e+00 6.6023746e-02
-5.0332095e-01 2.8744357e+00
-2.4631725e+00 -2.0419719e+00
-1.0017902e+00 8.9986094e-01
1.8985685e-02 -4.9808856e+00
6.4833650e-01 1.6098022e+00
-6.2618622e-01 -4.1168946e+00
-1.0769998e+00 1.0781234e+00
-6.2831864e-01 3.0344541e+00
-1.5736859e+00 -5.2330550e+00
-7.8454490e+00 -2.0019855e+00
1.8622754e-01 3.9359985e+00
-3.9346744e+00 -2.0035243e+00
-3.5037150e+00 7.0660377e-01
5.8077686e+00 -5.5227657e+00
-5.9921083e-01 1.8521434e+00
-1.0497378e+00 2.1732262e+00
-8.0691987e-01 -2.0954608e+00
1.9677979e-01 1.9339319e+00
-1.9627398e-01 -5.6370147e+00
-7.5430123e-02 2.6329317e+00
-4.5278288e+00 -2.0524193e+00
2.1452373e-01 1.6232224e+00
-2.1545037e+00 -2.4918808e+00
-1.0360512e+00 9.3257711e-01
2.9848029e+00 -1.2786494e+00
-3.1816789e-01 2.5650102e+00
2.7086532e+00 -4.6851035e+00
-5.0266782e+00 1.5828201e-01
3.2195757e+00 -4.8745074e+00
-1.6907421e-01 1.7328205e+00
-1.0365976e-01 -1.2722290e+00
-5.4534512e+00 -6.3035644e-03
1.8478384e-02 3.3807888e+00
6.3999845e-01 -4.9115473e+00
-7.6715955e+00 -1.5839462e+00
6.0089090e+00 -1.5078307e+00
1.3637146e+00 3.2480288e+00
5.4041509e-01 -1.4135638e+00
-2.2394132e+00 5.4533084e-01
1.0545211e+00 1.7746164e+00
1.2366086e+00 -6.0626641e+00
-1.8973578e+00 3.2362825e+00
1.4527283e-01 -2.7805616e+00
-2.0021176e+00 2.1659681e+00
-2.7454335e+00 -3.8356665e-01
8.9276660e-01 1.2925660e+00
-1.3594386e+00 -3.5782727e+00
1.5100710e+00 8.9231615e-01
-1.1813442e+00 7.2365535e-01
-1.3061449e+00 4.5939138e-01
3.5681318e+00 4.3172058e-01
1.1478256e+00 1.8296905e+00
-1.1712257e+00 -4.6608781e+00
-7.8879231e-01 2.8189769e+00
-9.0907950e-01 -6.3625904e+00
-2.4513961e+00 1.8174290e-01
-6.2053894e-01 2.0831206e+00
-2.0771299e+00 -1.7595623e+00
-7.4378765e+00 -1.7144099e+00
4.0275383e+00 -1.0669750e+00
9.7524133e-01 4.3631613e+00
-3.3928599e+00 -1.5486477e+00
-7.3990899e-01 1.3588508e+00
-1.5225776e+00 -5.3491757e+00
-9.5880736e-01 6.7223892e-01
-1.2109414e+00 -4.3367998e+00
1.6594473e+00 1.1920710e+00
9.4007501e-01 -2.8429832e+00
-4.8010493e+00 -6.4100469e-01
4.3882580e+00 -1.4826159e+00
4.7185944e+00 -2.5412296e+00
-1.9387881e+00 1.2070534e+00
1.0671605e+00 -6.3287051e+00
-5.9440851e-01 2.0095639e+00
-1.9388383e+00 -2.9338963e+00
-1.1959214e-01 7.6116491e-01
7.5358368e-01 -3.4523269e+00
-5.8993997e+00 -2.0449771e+00
4.6388641e+00 -1.3844113e+00
1.5216145e+00 1.7239079e+00
-2.9367782e+00 -2.8075225e+00
-5.9549188e-01 1.4249790e+00
-4.4813933e+00 -3.4118714e+00
-2.4225332e+00 2.4012060e+00
-1.1819506e+00 -1.9052078e+00
-8.4603065e+00 -1.8124357e+00
-1.4245695e+00 4.1369557e-01
-2.3883719e+00 -3.6112526e+00
-6.0842842e+00 -1.0612930e+00
5.4822466e+00 -1.3935082e+00
-3.9681827e+00 -6.3049756e-01
5.8044139e-01 2.7365484e+00
-7.6403892e-01 -2.8791862e+00
-3.1027334e+00 -7.9677949e-02
-1.2461291e+00 -2.4214105e-01
-2.5677916e+00 -1.4268835e+00
3.1831406e-01 2.5048192e+00
2.1586229e+00 -4.0638483e+00
-2.6578531e-01 2.0071158e+00
2.7448039e+00 -5.4697129e+00
-3.9473219e+00 -6.7031516e-01
2.9740945e-01 3.7865143e+00
6.4958855e-01 -2.4173259e+00
-1.0364626e+00 9.0631791e-01
-1.4712181e+00 -2.5695504e+00
8.2384210e-01 1.7037961e+00
-1.3441835e-01 -2.3807727e+00
-6.7547354e-01 9.2133102e-01
2.3048457e-01 -3.3182937e+00
-4.6447503e+00 -3.7404720e-01
3.7973472e-01 2.0837875e+00
-1.8848063e+00 -2.4925841e+00
-3.0289961e-01 7.7933742e-01
1.3862088e+00 -4.6137349e+00
5.5336353e-02 2.0143911e+00
1.0294014e+00 2.5506916e+00
-2.4881343e+00 -3.7987276e+00
-1.8315675e+00 2.8977988e+00
3.4291302e+00 -5.5749547e+00
-5.9178139e+00 -2.3732058e-01
3.7450304e+00 -6.2465730e+00
-6.1940624e+00 -6.4907987e-01
-6.1901362e-01 2.8709966e+00
-5.1700250e-01 -1.2496399e+00
-4.9733151e+00 -3.1877859e-01
-4.2344812e-01 3.2384277e+00
-4.0649673e+00 -1.1212375e+00
8.6711746e-01 2.7867289e+00
-7.7935140e-01 -4.1809895e+00
-4.3783960e+00 1.1962407e-02
-4.5710065e-01 2.8519897e+00
-1.9698407e+00 -5.4544109e+00
-2.2026671e+00 2.9008748e+00
2.0342014e+00 -3.7944973e+00
-5.9726492e-01 1.6643978e+00
-2.1692568e+00 -2.3237362e+00
-5.2829499e+00 -5.0767368e-01
-2.5411755e-01 2.0271204e+00
-1.4289860e-01 -1.4766557e+00
-8.8602010e-02 1.8860540e+00
-8.3354391e-01 -2.7336252e+00
3.0714007e-01 9.4657245e-01
-1.2819339e+00 -4.7513180e+00
4.9303555e-01 2.5048375e+00
-7.7864047e-01 -4.3508580e+00
-4.7705585e+00 -2.6290103e-02
9.3633407e-02 2.7904267e+00
-3.9302498e+00 -5.0597901e+00
-2.4190334e+00 2.2921584e-01
1.6272581e-01 6.8066934e-01
-2.8503728e-01 -5.1636484e+00
-1.0470737e+00 1.2320656e+00
-2.3865825e+00 -2.5760821e+00
-6.5285413e+00 -4.3837552e-01
-8.2855346e-01 2.0469388e+00
-2.8501764e+00 -2.5795228e+00
-2.5483173e+00 1.7232467e-01
2.6259657e+00 -1.6153147e+00
-7.9088645e+00 -2.2563235e+00
4.9425252e-01 2.1483861e+00
-2.5389227e+00 -2.9360430e+00
-2.2058575e-01 1.9614404e+00
2.8551892e+00 -5.7790204e+00
1.0574424e+00 -1.7991613e-01
1.2650741e+00 -3.0096963e+00
-6.9198244e+00 -1.3734557e+00
3.4648807e-01 1.3576886e+00
-2.2109597e+00 -2.4727960e+00
-6.6529671e+00 -7.9828071e-01
4.1208176e+00 -2.7360187e+00
4.8883916e+00 2.1278479e+00
-4.5343668e-01 3.6477981e+00
-2.1409025e+00 -6.7681466e-01
-5.8832422e+00 -1.0440065e+00
1.1533144e+00 2.6318972e+00
-1.9608313e+00 -3.6650849e+00
-6.3706555e+00 -1.3780659e+00
-8.2213021e-01 2.7063338e-01
-1.6952941e+00 -2.6700129e+00
-3.0761815e+00 1.2088095e+00
3.7366703e+00 -2.5420242e+00
-3.2181196e+00 5.7790314e-01
4.9501397e+00 2.3236590e-02
1.3637451e+00 2.2311994e+00
9.6875785e-02 -2.3329489e+00
-1.9253329e-01 2.0672062e+00
-1.5628001e+00 -2.4052109e+00
1.0218331e+00 2.2345625e+00
-6.2442201e-01 -4.1875657e+00
-3.1050780e+00 1.1553745e+00
4.2672272e+00 2.4229345e-03
-7.7611225e-01 1.9894794e+00
-7.1558685e-01 -4.1845933e-01
-4.0020824e+00 -2.7046430e-01
7.3671673e-01 1.8082814e+00
-5.1940486e-01 -9.8891788e-01
-5.3288868e+00 5.8663307e-02
4.0994591e+00 -1.6961697e+00
3.7619371e+00 -4.2912555e+00
-3.0298018e-01 3.8791432e+00
1.4582424e+00 -2.8696734e+00
1.5446758e+00 4.8582852e+00
-6.3012921e-01 -6.3935501e+00
-5.4360727e-02 2.8037025e+00
9.1202952e-02 -1.5524665e+00
-6.9888688e+00 -1.3183766e+00
-3.0990904e-01 1.7116511e+00
-4.9239460e+00 -1.9049470e+00
-8.6550860e+00 -2.0743318e+00
-3.6395662e+00 1.2440091e+00
-1.0267406e+00 -1.1246019e+00
-5.5307214e+00 -6.9196699e-01
1.7067461e+00 2.2447714e+00
-7.1255127e-01 -1.6533803e+00
-9.3114716e-01 1.3235579e+00
-2.6820237e-01 -2.2289434e+00
-3.6063663e+00 2.1869070e-01
-2.3022712e-01 3.1894523e+00
-1.6239023e+00 -5.3258892e+00
-7.8290033e+00 -2.0796405e+00
3.9696838e+00 -1.6677351e+00
6.6590148e-02 1.6331012e+00
-2.0680832e+00 -1.0843075e+00
-7.7856203e+00 -1.2152288e+00
3.7402553e-02 2.1540915e+00
2.7603217e-01 -3.2203895e+00
2.4367393e-01 1.0416292e+00
-2.0593812e+00 -6.0342953e-01
-7.1913174e-01 3.3074432e+00
-3.2400471e+00 -3.9173932e+00
-4.7607415e+00 -5.8663860e-01
5.3016509e+00 -2.4987800e+00
4.7129241e-02 2.6982148e+00
1.6521156e-01 -3.5382744e+00
1.0100807e+00 2.4257618e+00
1.5554432e+00 -5.4549070e+00
4.6206530e-01 -2.5382552e-01
-3.3333531e+00 -1.8695011e+00
-3.2740523e+00 5.3930779e-02
3.3002420e+00 1.5187585e+00
4.8399882e+00 -2.6740140e+00
-3.6266468e+00 -1.0760945e-01
6.1740401e+00 -2.1273642e+00
3.4460764e-02 2.7187357e+00
-8.2609413e-01 -1.9461031e+00
-2.6428536e+00 2.3971797e-01
-9.3916661e-01 3.9783271e+00
-1.0175763e+00 -1.2514263e+00
-2.5968778e+00 -6.2137668e-02
4.9955091e+00 -4.4177917e-01
-9.4059593e-01 3.0464080e-01
-1.9670504e+00 -2.8736407e+00
-3.3108160e+00 7.6440764e-01
1.1445665e+00 7.9965483e-01
-2.4619133e+00 -5.5550784e+00
-2.8007363e+00 8.5469691e-01
-5.2758683e-01 1.5848756e+00
-7.1103293e-01 -1.6437825e+00
1.6735626e+00 2.8672864e+00
-3.6599527e+00 -3.5879089e+00
-1.3933332e+00 3.0867773e-01
3.1129714e+00 -1.3512002e+00
3.9367714e+00 -2.4253547e+00
1.9014999e-02 1.7991551e+00
-3.3684039e-02 -3.6991521e+00
1.0536957e+00 2.2913753e+00
3.3945733e+00 -4.2687227e+00
-4.2097367e-01 2.4090660e+00
-3.7115222e-02 -2.5581284e+00
-1.4350827e+00 9.1841744e-01
-1.9893133e+00 -2.0130200e+00
-2.5262193e+00 1.1969013e+00
-7.6553853e-01 2.6572215e+00
-3.0095209e+00 2.4417397e-01
1.3202798e+00 1.7798666e+00
-2.1594608e+00 -2.1048236e+00
-9.2201957e+00 -2.7922345e+00
2.1443137e+00 -5.5420129e+00
-1.2780037e+00 2.1764203e+00
1.2748390e+00 -3.8787783e+00
-2.3377175e+00 8.4490010e-01
5.2642387e+00 -5.0547816e+00
-1.2161124e+00 1.2082498e+00
2.0524931e-01 -4.7020880e+00
-3.0435321e+00 -1.7201448e-01
1.0256721e+00 4.9206931e-01
-1.9359203e+00 -3.2255998e+00
2.2731172e+00 2.7015477e+00
-2.5162207e-01 -6.4268571e+00
3.0396720e+00 1.0121186e+00
6.0186069e-01 -4.6087446e+00
-5.6295430e+00 -2.4076156e-01
4.4448088e-02 5.3356995e-01
1.7381036e+00 -4.6712626e+00
5.6932400e-01 2.8032618e+00
-4.0242154e-01 -4.1510104e+00
-2.3039034e+00 -1.2892433e-02
8.1195478e-01 3.6089251e+00
-1.0335511e+00 -1.6491348e+00
1.2749324e-01 1.8969544e+00
-3.9514284e+00 -3.8137535e+00
-1.5699856e+00 1.4519197e+00
-1.3156358e+00 -2.0139029e+00
8.3192587e-01 1.1517663e+00
3.5763420e-01 -1.8216984e+00
1.9286399e+00 2.1199734e+00
3.1394553e-01 -5.7429589e+00
-6.8803506e-01 1.2944697e+00
-3.7023361e-01 1.0758468e+00
1.2184670e+00 -5.2859452e+00
-2.4292786e+00 9.2396280e-01
-8.3727207e-01 1.9455658e+00
1.7757929e+00 -1.3670384e+00
-3.6634110e+00 3.1448766e-02
8.4196987e-01 1.3083909e+00
-2.9309516e+00 -1.6191934e+00
-6.4910035e+00 -1.5140840e+00
3.6046264e+00 -1.0608484e+00
4.6054589e+00 1.1635068e+00
-1.1971808e+00 1.0809489e+00
-6.1798728e-01 1.4965373e-01
-1.7514475e+00 -6.5069855e+00
-1.9353806e+00 1.1629313e+00
4.5724073e+00 -6.2605976e-02
-1.3683524e-01 1.9121343e+00
-5.1907065e-01 -2.3960642e-01
1.9781248e+00 2.2129101e+00
-1.7711592e+00 1.5437988e+00
1.0614366e-01 1.0182109e+00
4.0859893e-01 -4.3815274e+00
-8.0161808e+00 -2.0169410e+00
4.2589552e+00 -2.7396105e+00
1.4635651e+00 1.7843142e+00
-6.6162619e+00 -2.5716367e+00
-6.9458970e-01 1.8772188e+00
-3.9920441e-01 -2.0391342e+00
-1.4132634e+00 9.0461093e-01
-5.7133590e-02 2.3521251e+00
3.9214501e-01 -2.5471716e+00
-1.4484458e+00 2.5980948e+00
-2.1473691e+00 -3.1716328e+00
6.2169216e-01 3.3880067e+00
1.5790752e-01 -5.6775023e+00
-3.4813871e+00 2.6690434e-01
4.3977531e+00 -1.7864598e+00
-5.3304123e+00 -6.2264526e-01
4.6422406e-01 6.9493459e-01
9.7015855e-01 -6.3500035e+00
-1.0821337e+00 2.3194537e+00
9.5908140e-01 -4.8656736e+00
-5.0407654e+00 -9.0314230e-01
9.4202972e-01 4.6796860e-01
-7.6207159e-02 -1.5916629e+00
-3.5615627e+00 4.1291905e-01
-9.0827724e-01 2.5396001e+00
-6.9593429e-02 -5.3339215e+00
-3.4920559e+00 3.7243154e-01
3.2171394e+00 -2.8291483e+00
6.7902748e-01 1.8399893e+00
1.0578953e+00 -6.6378737e+00
1.7342624e+00 1.3320207e+00
-2.8217709e+00 -1.0437506e+00
7.4730909e-01 1.2561933e+00
-2.6069960e+00 -1.7939556e+00
1.4267628e-02 7.0456768e-01
-9.2712510e-01 -5.7265920e+00
-1.5527921e+00 1.9072064e+00
-8.9894023e-01 -2.9975676e+00
-6.3565463e+00 -8.3678227e-01
6.3761638e-01 2.4562846e+00
-1.8830686e+00 -5.5712924e-01
-6.3105775e+00 -1.0818137e+00
3.9558793e-01 1.9188668e+00
7.6315371e-01 -1.3071883e+00
-4.9536184e+00 -2.4355464e-01
3.4460187e-01 2.1318884e+00
-4.3780768e-01 -4.6738409e+00
4.5978018e-01 1.7493612e+00
-1.3393039e+00 -3.0436818e+00
-4.6402270e+00 -7.4535335e-01
5.1223882e+00 -1.7239481e+00
3.7601704e-01 1.9565935e+00
-3.2052021e+00 -3.7064704e+00
-4.0013265e+00 -6.6488806e-01
1.5085866e+00 -3.5134117e+00
9.7755784e-01 2.1552166e+00
3.7134904e+00 -6.6638497e+00
-1.5425364e+00 2.3991187e-01
5.2249260e+00 -7.2099864e+00
1.4331617e+00 1.9881626e+00
-2.6960232e+00 -4.0485656e+00
-4.1167862e+00 -8.1640918e-01
1.3043501e+00 1.3443887e+00
-1.0808614e+00 -4.0323922e+00
-5.0475493e+00 7.7348403e-02
4.7847197e-01 2.5363393e+00
-2.4534503e+00 -3.4502804e+00
-9.9920882e-01 7.8684707e-01
-4.0507983e-01 -3.6385978e+00
1.2015561e-01 -5.2850999e-01
-2.2328116e+00 -1.6301582e+00
9.5236649e-01 1.2557714e+00
-3.3350249e+00 -5.3825100e+00
-5.3735724e+00 -9.9541076e-01
-5.3098651e-01 1.6192510e+00
-4.4395609e-01 -4.5447312e+00
-3.1194906e+00 -4.9940455e-01
4.6746272e+00 -2.9492206e+00
3.2737769e+00 -3.5686758e+00
-2.4320651e+00 1.7381674e+00
5.2911254e+00 -3.7872693e+00
4.2165937e-02 1.2369200e+00
-2.8805457e+00 -1.5997845e-01
3.6301971e-01 8.6535087e-01
1.6658832e-01 -3.9839916e+00
-1.2186750e+00 5.0041993e-01
1.0746719e+00 -1.6396143e-01
-1.0157770e+00 -4.5398466e+00
-1.3612260e+00 1.0273465e+00
-3.4038462e+00 -3.4842653e+00
-2.4977521e+00 5.1589839e-01
6.1580739e-01 2.4345774e+00
-4.8250995e+00 -2.8282977e+00
7.5559710e-01 6.2836944e-01
7.2817858e-01 -2.2383494e+00
-8.6538053e-01 1.2140562e+00
9.5486365e-01 -5.1435285e+00
-1.4969863e+00 4.7066008e-01
2.1531358e-01 1.6563134e+00
-3.1695691e+00 -1.8946628e+00
3.0735309e-01 1.5790893e+00
-6.5440977e-01 2.3328471e+00
-2.2019496e-02 -1.9974581e+00
-1.3507420e+00 1.4381419e+00
-2.5742676e+00 -3.1426492e+00
-3.0481651e+00 5.8360859e-01
3.4123150e+00 -3.5125755e+00
-3.8014263e+00 -5.0342509e-01
2.2648311e+00 2.6767534e+00
2.2988080e+00 -1.8935028e+00
-6.8319020e+00 -1.0609161e+00
4.1936051e+00 -4.3096164e+00
4.7681608e-01 1.3520214e+00
-3.3501198e+00 -2.4541189e+00
-2.9881156e+00 7.5320735e-01
4.6681046e+00 -1.5397039e+00
4.1882651e+00 -2.5605261e+00
3.3103482e+00 -1.8800991e+00
1.1628299e+00 1.7397981e+00
-5.9508587e-01 -1.3938598e+00
-5.0003965e-01 1.6504119e+00
-5.8445316e-02 1.6069676e+00
1.0296581e+00 -3.4972063e+00
-4.7799335e+00 -8.9026392e-01
1.6892039e-01 6.4359687e-01
-1.8144335e+00 -1.6493763e+00
-2.1480389e+00 1.1331854e+00
-1.3116165e-01 3.3937192e+00
-1.0279178e+00 3.2980644e-01
-4.8511616e+00 -9.9565900e-01
4.3027367e+00 -3.4218545e+00
-3.8773041e+00 5.7691706e-01
-5.8902079e-01 1.0456149e+00
-2.7020799e+00 -2.8819096e+00
-1.3107068e+00 9.6315295e-01
1.7233958e-01 2.7265146e+00
-1.0428602e+00 -3.6508402e+00
-6.1265792e+00 -1.1993706e+00
9.7754975e-01 2.1638260e+00
2.1722323e+00 -5.0531677e+00
-2.4736878e+00 8.7393684e-01
3.4789175e+00 -1.1801552e+00
-5.0164932e+00 -1.6259183e+00
7.2184449e-01 1.9799832e+00
8.1304297e-02 -2.8707655e+00
-7.7575944e-01 1.0753623e+00
3.2385358e+00 -3.4736341e-01
-2.6919749e-01 1.3135663e+00
-9.5661822e-01 -2.4682082e-01
-5.7467229e+00 -2.9092578e-01
-2.2438983e-01 1.7580000e+00
3.3919070e-01 -2.6192720e+00
-6.0086890e+00 -7.2066344e-01
7.2840079e-01 1.9359627e+00
-2.5974270e+00 -1.8168077e+00
-6.4641860e-01 2.4080087e+00
-2.2530792e+00 -5.6968986e-01
3.3080427e-01 2.0416709e+00
1.5991943e+00 1.6116412e+00
-2.8514585e+00 -2.1740642e+00
-9.5109101e+00 -2.0586552e+00
-1.4250392e-01 1.4912774e+00
-9.5370020e-01 -2.3679887e+00
-1.8480348e+00 2.2180546e+00
-2.0687724e-01 -1.3009843e-01
-2.7309979e+00 2.4886034e-01
1.5692621e+00 -3.1364476e-01
-1.4870972e+00 -1.1398453e+00
-3.3840934e+00 6.6116886e-03
2.6677453e-01 2.6808233e+00
1.4641012e+00 -2.5658001e+00
1.1169862e+00 2.1346826e+00
-1.1901278e+00 2.0670044e+00
6.7781518e-01 -2.2274712e+00
1.8283689e+00 2.5552085e+00
1.0332579e+00 3.5642475e+00
3.4954035e-01 -4.0920793e+00
1.6939086e-01 2.6169863e+00
-2.0482615e+00 -1.8989788e+00
-1.0354844e+01 -2.9175975e+00
4.1830782e+00 -1.3266723e+00
1.3145016e-01 1.8668167e+00
-9.7465280e-01 -9.0264177e-01
-7.8747750e+00 -1.0197083e+00
4.6547914e+00 -6.8806034e-01
4.6945419e+00 -1.2712136e+00
-3.2074859e-01 1.6251298e+00
-3.4654313e-01 -4.4076193e+00
-4.2051928e+00 4.7677492e-01
-6.6954569e-01 2.0391817e+00
-2.5649518e-01 -6.8290336e+00
-4.2684771e+00 3.4150382e-01
4.2977830e+00 -5.1403804e+00
4.5275674e+00 -2.1171773e+00
1.5730541e-01 1.6545758e+00
-1.6792053e+00 -4.3052085e-01
1.9506191e+00 3.1458105e+00
-5.1393363e-01 -5.4363674e+00
-4.9565175e+00 -1.9002876e-02
-3.5804332e-01 1.6497974e+00
-2.7783085e+00 -1.1827836e+00
-1.3951622e+00 8.4989543e-01
3.8153239e+00 -4.7882481e+00
-2.9989618e+00 9.7812613e-01
4.3943210e+00 1.4737944e-01
-5.6709394e+00 -6.1954270e-01
-1.6792071e+00 9.6130621e-01
4.5156160e-01 -3.6986675e+00
-7.6008166e-01 1.5759740e+00
-3.4563482e+00 -3.4671816e+00
1.5403900e+00 2.3846207e+00
-1.5319836e+00 3.4261960e+00
-2.0496431e+00 -3.3413220e+00
-5.6991933e+00 -3.3567740e-01
3.5724716e+00 -2.9990245e+00
-3.3455177e+00 -3.4972440e-01
3.7181553e+00 -4.8908758e+00
4.0202397e-01 2.1920144e+00
-2.3080302e+00 -1.2895505e+00
-1.7490072e+00 7.3647682e-01
-7.8409669e-01 1.9311425e+00
1.2982512e-01 -6.7482374e-01
-3.5456599e+00 1.0878486e+00
3.3563696e+00 -2.4126390e+00
-5.5992975e+00 -6.9134408e-01
1.3607831e+00 2.2916390e+00
-1.6063093e+00 2.0491940e-01
-4.1530698e+00 4.1208185e-01
-9.0589377e-01 2.1422593e+00
9.2676880e-01 -5.0777625e+00
-4.5360383e+00 -2.6224926e-01
2.7159222e+00 -7.7125708e-03
-4.4078326e-01 1.2910083e+00
-3.7059137e+00 -8.8003339e-02
-6.3396436e+00 -1.0145861e+00
3.1435925e+00 1.1071811e+00
5.8657014e-01 1.0428361e-01
-3.7889262e+00 -6.6063045e+00
-1.7266150e+00 7.4075904e-01
-6.5631833e-01 1.0878878e+00
-4.6638792e+00 -3.3479499e-01
-1.3827249e+00 2.2100071e+00
-4.0239753e-01 -4.2047156e+00
1.7892583e-01 1.0393601e+00
-2.2231640e+00 -1.5452363e+00
2.9820087e-01 5.1783411e+00
-2.0581975e+00 -4.6141986e+00
-3.5198899e+00 3.4627045e-02
4.6627567e+00 -4.7820049e-02
-1.5648265e+00 6.2930105e-01
8.9458969e-01 -1.6545985e+00
-1.0540537e-01 6.5451859e-01
9.7671523e-01 -3.5023500e+00
-5.8829139e+00 -9.3896444e-01
4.8205017e-01 2.6194587e+00
-3.3589788e+00 1.8347846e-01
-8.0746851e-01 7.3832505e-01
-5.0155813e+00 -8.1542580e-01
4.2101020e-01 2.6099789e+00
3.4540328e-01 1.7765120e-01
-3.8510442e+00 5.6478153e-03
4.7319252e+00 -4.7907454e+00
-2.2592801e-01 3.4435421e+00
8.9212119e-01 -1.9466668e+00
-9.5564751e-01 1.0962134e+00
1.0261494e+00 2.1592501e+00
-6.7472854e-01 -2.1026102e+00
-4.0109193e+00 4.4972338e-01
3.3622026e+00 -1.0770152e+00
-7.4025706e-01 1.1678228e+00
-4.0867235e-01 -1.4150704e+00
-2.2015727e+00 7.8257329e-01
-1.3967658e+00 2.3173821e+00
-4.0321493e+00 -5.5988931e-01
-8.1121673e+00 -1.6726826e+00
2.9854854e+00 -2.9401327e-01
-4.2474805e-01 2.4095710e+00
-4.4132508e+00 -2.5389171e+00
-1.3333298e+00 1.2602871e+00
3.6311557e+00 -4.9130666e+00
-5.0812993e-01 2.8403284e+00
-1.3163541e+00 -9.0031584e-02
-5.1233594e-01 1.8762885e+00
-4.9617789e-02 -3.0516214e+00
-7.5052522e+00 -1.5336334e+00
2.4018761e+00 1.1652093e+00
-1.1930988e+00 -1.8266111e+00
-3.9282030e+00 2.3870973e-01
4.0771894e+00 -2.4467411e+00
-4.5677452e-01 1.8959401e+00
7.1565586e-01 -4.3467734e+00
-1.3386760e+00 3.0094040e+00
-2.0240562e+00 -1.6223815e+00
-2.1120250e+00 1.0934354e+00
8.1212678e-01 1.3019366e+00
-2.7941773e+00 -4.3964310e+00
-7.7474058e-01 9.0430746e-01
-1.6098977e+00 -3.1348462e+00
2.4396439e+00 4.0498294e+00
-9.3199399e-01 -6.5979737e+00
-4.6945589e+00 -4.9844912e-02
2.0582276e+00 1.8053799e-01
7.2212709e-01 -5.1871386e+00
-8.1497447e+00 -2.2649542e+00
-7.5195528e-01 2.8423598e+00
-1.4514439e+00 -3.4825416e+00
-2.5052552e+00 7.0492979e-01
1.5924453e+00 -9.3577462e-01
1.4396567e+00 1.7131097e+00
-6.3738889e-01 -3.1739087e+00
-6.1226624e+00 -9.5030175e-01
-9.6055156e-01 2.6417356e+00
-5.8567656e-01 7.0813716e-02
9.7702169e-01 7.8463900e-01
-5.2531813e-01 -4.4911614e+00
1.7896927e-01 6.1170660e-01
-1.0836271e+00 -7.9591318e-01
-5.6529622e+00 -4.9696805e-01
4.0963476e+00 -2.1630591e+00
3.2583039e+00 -2.4107716e+00
2.6827481e-01 3.3343261e+00
-6.9596649e-01 2.3476532e-01
-4.8271045e+00 -2.5741159e-01
4.2513738e+00 -7.3227071e+00
4.4368722e-01 3.3501596e+00
-2.0191334e+00 -4.6656941e-01
-4.3525550e+00 5.5270286e-01
4.8190700e+00 -1.9818489e+00
-6.4523236e-02 2.4136639e+00
-1.9976258e+00 -5.7681897e+00
1.7444120e+00 3.8549597e+00
-5.6244260e-02 -2.5483264e+00
-5.3405137e-01 1.2247837e+00
-3.8640882e+00 -1.6814253e+00
-3.9615385e+00 5.6812074e-02
5.2939287e-01 2.5852922e+00
-2.1508514e+00 -1.7697078e+00
-3.8867168e+00 -7.1315494e-01
-9.9045621e-01 1.8005750e+00
-1.1690056e+00 -3.6329244e+00
-1.8126667e+00 3.7367700e-01
3.0738938e+00 -1.1337807e+00
6.7871866e-02 2.2155215e+00
4.9678965e+00 -3.3533248e+00
1.5274259e+00 2.3307180e+00
-2.4833342e+00 -3.0939639e+00
-2.4488548e+00 1.5910244e+00
1.9414418e+00 3.6956659e+00
-3.0684813e+00 -1.1933680e+00
-6.3358661e+00 -1.1321082e+00
-3.6676242e-01 1.5643983e+00
-2.2868200e+00 -3.2690485e+00
-1.4533827e+00 2.3998381e+00
1.2877913e+00 -2.8024156e+00
-3.6735766e+00 5.3534689e-01
3.0373709e-01 1.1974812e+00
-2.7978749e+00 -2.3719606e+00
-1.3833958e+00 9.5048411e-01
3.8577415e+00 -9.7691057e-01
-4.8733701e+00 -4.3251407e-01
-1.5436630e-01 1.6854272e+00
-2.8658420e+00 -3.4016501e+00
9.6735216e-01 1.6078849e+00
-7.1680699e-01 -1.0790328e+00
-3.9101917e+00 -1.2816872e+00
2.4286125e+00 -4.1374911e+00
-7.0957624e+00 -2.3933201e+00
-7.1025966e-01 5.8279682e-01
-3.0384742e+00 -3.4594379e+00
-2.3041809e+00 7.9296409e-02
2.4747594e+00 -3.5467640e+00
1.1963894e+00 2.9424114e+00
-1.0859343e+00 1.9477605e-01
-1.0853171e-01 1.2962906e+00
1.9222255e+00 -1.7167364e+00
-4.7609338e+00 -9.0986164e-01
3.6096228e+00 -4.9732876e+00
4.1374150e+00 -1.6677287e+00
8.9733354e-01 8.0563826e-01
-1.2708248e+00 -3.5263263e-01
-4.5364874e+00 -2.3498872e-01
3.6376249e+00 -5.2646598e+00
-5.3832137e-01 1.5125572e+00
-6.7661267e+00 3.8986551e-01
1.7717947e-01 1.4735144e+00
8.9380047e-01 4.0697044e+00
-5.4251052e-01 -3.9311112e+00
-5.7463891e-02 2.0595078e+00
6.2319541e-01 -5.7556383e+00
-6.3319736e-01 1.0539482e-01
-3.1844664e+00 -4.8132204e+00
-1.5969205e+00 2.1977736e+00
2.2570512e+00 -5.3195828e+00
-9.3902782e+00 -2.8527874e+00
5.0756473e+00 -5.0966431e+00
-3.1063085e-01 3.0223645e+00
-6.8222699e-01 -5.6863426e-01
5.5629379e-01 1.9164913e+00
-2.1830621e-01 -1.4466267e+00
-6.0664524e+00 -7.5446490e-01
-1.1352677e-01 1.1963316e+00
-4.4886785e-01 -3.3238341e+00
3.2742256e-01 1.6874649e+00
-1.6305809e+00 -2.0925529e+00
-4.5084424e+00 -3.6868512e-01
3.6926663e+00 -2.1294531e-01
6.5941787e-01 1.8556833e+00
2.7878355e+00 -2.0770876e+00
3.5161505e-01 3.3348472e+00
-9.9589831e-01 -5.5008348e+00
-3.6107665e+00 8.3700112e-01
1.7070354e+00 -2.4088581e+00
-3.1072352e+00 -1.3492485e-02
2.7983705e+00 -2.7593391e+00
-3.5731755e-02 7.5320319e-01
-6.2414931e-01 -5.7008645e+00
-3.4295719e+00 3.1206064e-01
1.1614935e+00 2.2243273e+00
-6.6526864e-01 -1.9635635e+00
-2.9021802e+00 1.2990282e-01
2.7824132e+00 1.1198163e+00
-9.9045984e-02 4.2805178e+00
-5.7369895e-01 -2.3684830e+00
-2.0338340e+00 1.6506231e-01
-4.1830035e+00 -1.0061803e+00
-2.8696546e+00 5.6180545e-01
-1.0504828e-01 1.0502066e+00
-7.8672365e-01 -3.2628200e+00
-1.5508721e+00 6.6413325e-01
4.0605805e+00 -3.1515034e+00
-5.5714361e+00 -3.5361137e-01
-6.1007266e-01 2.5664634e+00
-6.6017287e-01 -9.1038195e-01
-5.2229874e-01 1.3357402e+00
2.5411227e+00 2.2828541e+00
-1.7048305e-01 -3.2177614e+00
1.8347720e-01 3.8952305e+00
-1.8548368e-01 -4.8415848e+00
-1.9989860e+00 3.0976659e-01
-2.8617061e+00 -1.5363282e+00
-4.3767156e+00 -2.6126409e-02
4.8136099e+00 -1.6501579e+00
-6.4616644e+00 -1.5011250e+00
1.0052072e+00 3.9694665e+00
-2.0744085e+00 -1.5367222e+00
6.9925861e-01 1.3129295e+00
-2.4849034e+00 -1.4651047e+00
-7.8649939e+00 -1.8594484e+00
3.9796133e+00 -2.5630147e+00
-4.7550985e+00 -4.5169015e-01
-1.7961387e+00 2.7686822e+00
4.2723229e-02 -2.5621698e+00
-4.2428898e+00 3.6145977e-01
5.0750363e+00 -3.2490628e+00
2.3233250e-01 1.0370997e-01
-3.8197332e-01 -3.7028055e+00
-2.7282182e+00 9.7427013e-01
-5.2594595e-01 4.5692461e-01
-2.1997560e+00 -3.2432828e+00
-2.2482981e+00 3.1047720e+00
-2.8658551e+00 -4.6915342e+00
-1.3151928e+00 1.4504081e+00
-3.1964301e+00 -4.4100177e+00
-1.8011321e+00 1.1283499e+00
1.0679665e+00 2.6321666e+00
-2.0055936e+00 -2.4712380e+00
-6.8383011e+00 -6.1853039e-01
6.0995261e+00 -8.9759333e-01
-4.6936076e+00 4.9418235e-01
4.5584568e-01 6.0991544e-01
1.3560331e+00 -1.2860501e+00
-5.3436931e-01 1.8094777e+00
-3.1077467e-01 -5.5958260e+00
-4.8936719e+00 2.7190583e-02
5.0282816e+00 -9.7848953e-01
1.3693117e-01 1.9789390e+00
-1.7273384e+00 -3.0163787e+00
-5.3296716e+00 3.1351695e-01
4.7074622e+00 -1.0243172e+00
-4.3103819e-01 1.8204440e+00
5.1395826e-02 4.0904137e+00
-1.9063594e+00 -2.9110256e+00
-1.7432761e-01 2.6006993e+00
1.5099869e+00 -3.1437519e+00
-7.0020688e+00 -1.3834116e+00
-3.3407689e-01 1.6145388e+00
-1.8786919e+00 -1.3911698e+00
-5.2428329e+00 -4.8996391e-01
5.2797932e-01 7.8366641e-01
3.5482664e-01 -2.4317630e+00
-1.8664773e+00 1.3676041e+00
1.4882761e+00 9.7159251e-01
4.6611022e-01 -1.8736889e+00
-2.6571590e-01 1.7853105e+00
5.2343586e-01 9.4682955e-02
-2.7123588e+00 -6.1465530e+00
-7.2278824e+00 -1.0880099e+00
4.9967978e+00 -1.5057395e+00
1.5091033e+00 1.2362749e+00
-1.3744426e-01 -3.5452481e+00
-4.0634256e+00 -6.4821741e-02
1.8531254e+00 3.0504071e+00
-1.1551355e+00 -4.0954328e+00
-3.0415764e-01 -1.5006232e-01
-2.1605610e+00 -2.2013909e+00
3.0283289e-02 2.5223153e+00
-2.5900758e+00 -2.0447563e+00
-1.8627780e+00 7.8849933e-01
1.8056240e+00 2.9659767e+00
-2.8683032e+00 -6.7482505e-01
5.5820830e-01 1.3437753e+00
-6.4045514e-01 -1.2853715e+00
-2.5665997e+00 9.8008741e-01
4.9277156e-02 1.4391682e+00
-1.9189765e+00 -3.3469496e+00
-4.6091465e+00 -1.1110077e-01
2.5686966e+00 -2.6778139e+00
3.7900859e-01 4.7556788e-01
-8.2208218e-01 -3.3657338e+00
-6.0929873e+00 -1.3047507e+00
5.8829008e-01 1.5196972e+00
-9.4362025e-02 -6.0041537e+00
-2.8447868e+00 2.1408298e-01
7.1124620e-01 2.8740454e+00
-1.2293800e+00 -2.6971742e+00
1.1958126e+00 3.2773351e+00
-1.1980651e+00 -3.9937088e+00
-2.6843556e+00 1.2372302e+00
5.7794260e-02 3.8636391e-01
1.6737847e+00 -6.0229200e+00
3.3372796e-01 2.1651663e+00
4.4723573e-01 -4.0005466e+00
-5.1544575e+00 -6.3204926e-01
1.3310081e-01 1.8697283e+00
8.9932253e-01 -3.5266307e+00
-1.2020129e+00 1.2488120e+00
3.5849008e+00 -5.0310077e+00
-2.1067526e+00 1.2035806e+00
-3.2814856e-01 2.5545152e+00
-1.8716772e+00 -2.8432040e+00
8.4933325e-01 2.5348335e+00
-3.7409062e-01 -4.7048709e+00
-3.8087042e+00 2.6931209e-01
-1.0563538e+00 1.8278046e+00
-3.8248492e+00 -1.5285139e+00
-3.2635756e+00 1.6314830e-01
5.6342052e-01 3.7910946e-01
-6.1783986e-01 -3.9415699e+00
-4.0982679e+00 6.9321669e-01
-1.1806314e+00 1.1252092e+00
-2.4954308e-01 -1.3138880e+00
-3.6833667e+00 3.4707961e-01
-8.7589710e-01 2.1995200e+00
-1.2879004e+00 -5.2445562e+00
1.4688934e+00 5.2688572e-01
-2.2273660e+00 -4.2979651e+00
-4.8328159e+00 -6.3003867e-01
2.9181656e+00 -1.2816200e+00
-3.8431610e-01 3.8359837e+00
-8.2428122e-01 -1.4280553e+00
1.2194117e-02 1.3456563e+00
-5.3648624e+00 -2.3940960e+00
-5.2312435e-01 3.4762855e+00
1.2379222e+00 -3.9349087e+00
8.1997816e-01 1.3663092e+00
-1.9105368e+00 -2.3645820e+00
7.8654345e-01 2.1290812e+00
-5.3948374e-02 6.8816463e-01
-2.7890223e+00 -3.7484944e+00
-4.0082930e+00 -4.1739948e-01
4.5683046e+00 -1.7335097e+00
-1.1874247e+00 3.1708394e+00
-1.5601367e+00 -4.8572646e+00
-2.7283983e+00 2.1834911e-01
4.6533720e+00 -2.6960398e+00
8.2366084e-01 1.5792174e+00
-7.2649192e-01 2.5953969e-01
-1.5777307e+00 1.2430748e+00
2.2757978e-01 9.4877340e-01
4.3036167e-02 -4.0717650e+00
-3.7536081e+00 1.7908006e-01
1.3124305e+00 1.0372719e+00
-2.9325347e+00 -1.7947099e+00
-5.5382390e+00 -9.2046684e-01
4.4762282e+00 -9.9554396e-01
-3.4798773e+00 4.5875134e-01
3.7390679e+00 -2.5660026e+00
-4.7606872e+00 -3.8467285e-01
3.8710753e-01 2.9725615e+00
-1.5804282e-01 -2.7333021e+00
-7.0279175e+00 -1.1709094e+00
-4.3103791e-01 2.4794131e+00
1.6690303e-01 -4.7680529e+00
-1.3553008e-01 8.6115442e-01
-1.3678586e-01 -1.6440689e+00
-3.8817044e-01 1.4624596e+00
-2.6676144e+00 -9.9609957e-01
-4.4922536e+00 -2.5576705e-01
5.6023085e+00 -1.6054690e+00
5.5794010e+00 2.8201368e+00
5.6643516e+00 -9.5491957e-01
3.2447917e+00 -3.4470739e-01
2.7234640e+00 -1.9055433e+00
-7.7493114e+00 -1.4561845e+00
4.2919314e+00 -1.5407630e+00
-5.3244366e+00 -3.4134080e-01
6.2983394e-01 2.7344510e+00
-5.2546327e+00 -2.0406626e+00
-5.6298951e+00 -1.0159111e+00
1.0404377e+00 2.8583683e+00
2.7658122e+00 -1.7465270e+00
4.7901118e-01 1.7477627e+00
-8.1914061e-01 -4.4861038e+00
-2.7468383e+00 5.9982608e-01
5.6647046e-01 1.3453023e+00
-8.0941693e-01 -4.4229246e+00
-6.1790560e-01 9.6885349e-01
5.9928221e-01 -2.8309949e+00
6.0155293e-01 1.6445473e+00
-8.2459376e-01 -5.5602507e+00
-6.3791491e+00 -1.0818376e+00
-1.6798248e+00 3.8808770e+00
-3.2537466e+00 -2.8263550e+00
-6.5520258e-01 1.8345650e+00
-4.0175977e+00 -3.1705043e+00
-6.8553015e+00 -1.0423699e+00
4.3260441e+00 -1.3689659e+00
-4.7693433e+00 -2.4029443e-01
-1.9932550e-02 2.6460481e+00
-4.0585774e+00 4.3420208e-01
-1.4763503e+00 1.5310639e+00
6.6032269e-03 1.5565165e+00
-8.3999793e-01 -9.1923575e-01
-6.4076322e-01 6.2413187e-01
-1.0853493e-02 -3.7651687e+00
8.7065112e-01 1.5125671e+00
4.8173669e+00 -8.9272499e-01
-5.2236194e+00 -9.1203660e-01
5.8989266e+00 -1.0317866e+00
-5.8101510e-01 1.6251758e+00
3.3458188e-01 -3.9257812e+00
-1.9578531e+00 1.4440668e+00
4.1149124e+00 -4.3130824e+00
-8.3237139e-01 2.6746277e+00
-3.1211187e+00 -1.7435612e+00
1.6888254e-01 4.1294747e+00
-3.2506766e+00 -8.1412840e-01
-1.3075147e+00 1.1239899e+00
-2.5545522e+00 -4.7181746e+00
-2.0151563e-01 2.9328022e+00
-3.6624411e-01 -3.0872141e+00
